序号 学号 姓名 性别 行政班 进制转换 多进制转换 数值表达逻辑代数 平均分
1 201904680 皮丞汐 女 6487327 100 100
2 202002060 王鹏飞 男 6487327 83 56
3 202006873 韩发睿 男 6487327 22 0
4 202100028 谢正阳 男 6487327 0 0
5 202100363 汪宣林 男 6487327 100 16
6 202102631 张吉勇 男 6487327 82 8
7 202102635 邹俊楠 男 6487327 100 100
8 202104308 秦国烽 男 6487327 99 97
9 202104315 肖康贝 男 6487327 100 77
10 2022002810 曾淼 男 6487327 100 100
11 2022002812 旦增格桑 男 6487327 96 90
12 2022002813 邓乐佩 女 6487327 95 96
13 2022002814 董烁 男 6487327 100 100
14 2022002815 宫世林 男 6487327 100 100
15 2022002816 何伊蕊 女 6487327 100 96
16 2022002817 胡洪铭 男 6487327 98 93
17 2022002818 黄毅 男 6487327 100 100
18 2022002819 雷烨 男 6487327 98 96
19 2022002820 李东标 男 6487327 100 96
20 2022002821 李其昌 男 6487327 100 96
21 2022002822 李玉洁 女 6487327 98 98
22 2022002823 梁维元 男 6487327 100 100
23 2022002824 刘威 男 6487327 100 100
24 2022002825 吕炫 女 6487327 0 98
25 2022002826 孟林坤 男 6487327 100 100
26 2022002827 潘文轩 男 6487327 100 76
27 2022002828 彭芝鑫 男 6487327 100 91
28 2022002829 钱琪临 男 6487327 100 0
29 2022002830 苏渝 男 6487327 100 98
30 2022002831 田黎明 男 6487327 100 96
31 2022002832 田益慧 女 6487327 100 100
32 2022002833 汪振宇 男 6487327 91 100
33 2022002834 王帆 男 6487327 100 88
34 2022002835 王漪熳 女 6487327 100 100
35 2022002836 王志高 男 6487327 100 100
36 2022002837 吴向飞 男 6487327 100 100
37 2022002838 熊俊杰 男 6487327 100 100
38 2022002839 薛金垒 男 6487327 98 95
39 2022002840 晏声宏 男 6487327 100 100
40 2022002841 叶奥 男 6487327 97 100
41 2022002842 叶思雨 女 6487327 100 100
42 2022002843 喻辅臣 男 6487327 100 82
43 2022002844 张棋 男 6487327 100 100
44 2022002845 张文喆 男 6487327 100 100
45 2022002846 郑仁 男 6487327 100 91
46 2022002847 周雨婷 女 6487327 100 100
47 2022002848 朱子健 男 6487327 78 96
48 2022002849 曾振华 男 6487327 42 73
49 2022002850 陈羽贤 男 6487327 100 100
50 2022002851 邓思怡 女 6487327 100 100
51 2022002852 董文翔 男 6487327 100 96
52 2022002854 管博 男 6487327 100 100
53 2022002855 胡俊伟 男 6487327 100 100
54 2022002856 胡梦婷 女 6487327 100 91
55 2022002857 黄柱星 男 6487327 100 5
56 2022002859 李芹 男 6487327 100 100
57 2022002860 梁宇 男 6487327 100 100
58 2022002861 刘佳慧 女 6487327 100 95
59 2022002862 刘鑫琪 男 6487327 100 100
60 2022002863 马伊婷 女 6487327 95 100
61 2022002864 南储胜 男 6487327 100 90
62 2022002865 钱闰佳 男 6487327 100 91
63 2022002866 宋馨茹 女 6487327 100 98
64 2022002867 苏云飞 男 6487327 100 100
65 2022002868 孙逸环 男 6487327 100 100
66 2022002869 田明 男 6487327 100 100
67 2022002870 汪楠 女 6487327 90 100
68 2022002871 王含 男 6487327 100 100
69 2022002872 王志宇 男 6487327 100 95
70 2022002873 魏芸良 女 6487327 98 96
71 2022002874 吴志豪 男 6487327 100 100
72 2022002875 熊世斌 男 6487327 100 100
73 2022002876 杨博 男 6487327 100 98
74 2022002877 叶晓莲 女 6487327 100 95
75 2022002878 易朝 男 6487327 100 94
76 2022002879 袁观成 男 6487327 100 100
77 2022002880 张傲然 男 6487327 70 100
78 2022002881 张晟 男 6487327 100 100
79 2022002882 张胜傲 男 6487327 100 100
80 2022002883 张译文 女 6487327 100 98
81 2022002884 周保翼 男 6487327 100 100
82 2022002885 周林 男 6487327 100 100
83 2022002886 邹博 男 6487327 100 100
84 2022002887 邹子慧 女 6487327 100 98
0 0   6487327 0 0
