序号 学号 姓名 性别 行政班 进制转换 多进制转换 数值表达逻辑代数 平均分
1 201800846 房皓皓* 男 6487327 86 77
2 201806097 潘亮* 男 6487327 88 100
3 202100365 王逸铭 男 6487327 100 98
4 202100786 张芮 女 6487327 69 55
5 202102275 李沙沙 女 6487327 69 100
6 202102344 朱少康 男 6487327 100 100
7 202103914 肖足应驰 男 6487327 100 100
8 202105360 郑梦婷 女 6487327 36 3
9 202105365 方鑫 男 6487327 100 100
10 202105389 杨震宇 男 6487327 75 100
11 2022003044 敖正 男 6487327 59 76
12 2022003045 曾银银 女 6487327 100 100
13 2022003046 陈宏伟 男 6487327 71 0
14 2022003047 陈晓璇 女 6487327 84 94
15 2022003048 褚浩然 男 6487327 100 94
16 2022003049 方龙文杰 男 6487327 96 74
17 2022003050 方欣悦 女 6487327 100 100
18 2022003051 高飞飞 男 6487327 100 95
19 2022003052 关统 男 6487327 100 100
20 2022003053 桂聪 男 6487327 100 95
21 2022003054 韩奕博 男 6487327 97 98
22 2022003055 胡正阳 男 6487327 100 100
23 2022003056 柯宇航 男 6487327 100 0
24 2022003057 乐珂 女 6487327 91 92
25 2022003058 李晨辉 男 6487327 100 100
26 2022003059 李浩然 男 6487327 44 0
27 2022003060 李洋 男 6487327 100 98
28 2022003061 刘浩辉 男 6487327 90 94
29 2022003062 柳琪 女 6487327 87 0
30 2022003063 柳奕帆 男 6487327 96 90
31 2022003064 罗治 男 6487327 37 0
32 2022003065 麦恒钊 男 6487327 100 100
33 2022003066 潘继承 男 6487327 56 89
34 2022003067 乔幸 女 6487327 88 0
35 2022003068 曲勇臣 男 6487327 100 98
36 2022003069 沈越 男 6487327 100 96
37 2022003070 谭江原 男 6487327 88 96
38 2022003071 涂俊杰 男 6487327 100 96
39 2022003072 王佳钰 女 6487327 100 0
40 2022003073 王伟 男 6487327 98 98
41 2022003074 王梓豪 男 6487327 100 93
42 2022003075 肖欢 男 6487327 100 100
43 2022003076 徐潇 男 6487327 100 100
44 2022003077 徐心美 女 6487327 100 84
45 2022003078 杨茂金 男 6487327 100 84
46 2022003079 尤博 男 6487327 100 100
47 2022003080 张朝阳 男 6487327 100 100
48 2022003081 张文博 男 6487327 98 93
49 2022003082 张玉婷 女 6487327 84 0
50 2022003083 周松 男 6487327 74 100
51 2022003084 白萌 男 6487327 91 91
52 2022003085 陈洪宇 男 6487327 59 10
53 2022003086 陈孝怡 女 6487327 100 95
54 2022003087 陈正群 女 6487327 75 0
55 2022003089 方鑫 男 6487327 98 95
56 2022003090 冯安琪 女 6487327 100 100
57 2022003091 高依萍 女 6487327 82 100
58 2022003092 郝科润 男 6487327 60 17
59 2022003093 胡晟 男 6487327 100 93
60 2022003094 黄辉 男 6487327 100 100
61 2022003095 江汪铖 男 6487327 100 100
62 2022003096 况世雄 男 6487327 100 95
63 2022003097 李奥雅 女 6487327 100 100
64 2022003098 李恒胤 男 6487327 100 100
65 2022003099 李世杰 男 6487327 64 100
66 2022003100 李兆恒 男 6487327 80 100
67 2022003101 刘家来 男 6487327 89 98
68 2022003102 卢阳 男 6487327 100 100
69 2022003103 卢依伦 女 6487327 100 83
70 2022003105 邱华锋 男 6487327 0 40
71 2022003106 邱悦 女 6487327 100 100
72 2022003107 石文涛 男 6487327 98 98
73 2022003108 苏俊强 男 6487327 100 100
74 2022003109 汤朝阳 男 6487327 100 91
75 2022003110 涂墨翟 男 6487327 92 95
76 2022003111 王仟 女 6487327 100 95
77 2022003112 王文博 男 6487327 100 100
78 2022003113 卫首成 男 6487327 100 100
79 2022003114 吴奇迅 男 6487327 100 93
80 2022003115 肖佳豪 男 6487327 100 100
81 2022003116 徐鑫垚 男 6487327 98 98
82 2022003117 徐子欣 女 6487327 100 43
83 2022003118 杨润 男 6487327 100 81
84 2022003119 于彬 男 6487327 100 100
85 2022003120 张浩宇 男 6487327 100 100
86 2022003121 张习康 男 6487327 88 100
87 2022003122 张珍婷 女 6487327 100 100
88 2022003123 周文健 男 6487327 98 92
89 2022003242 暴晓琛 男 6487327 100 61
90 2022003243 曾浩 男 6487327 100 98
91 2022003244 陈卯 男 6487327 98 96
92 2022003245 邓翠薇 女 6487327 100 90
93 2022003246 邓子康 男 6487327 100 65
94 2022003247 葛龙青 男 6487327 98 100
95 2022003248 何晓倩 女 6487327 98 95
96 2022003249 胡刚豪 男 6487327 95 100
97 2022003250 黄毅 男 6487327 98 84
98 2022003251 孔祥一 男 6487327 100 100
99 2022003252 雷杰 男 6487327 100 100
100 2022003253 李刘畅 男 6487327 83 100
101 2022003254 李一灵 女 6487327 100 92
102 2022003255 梁尚坤 男 6487327 89 91
103 2022003256 刘瑞鸿 男 6487327 54 44
104 2022003257 刘坦 男 6487327 100 100
105 2022003258 骆靖雯 女 6487327 100 79
106 2022003259 马关总 男 6487327 100 96
107 2022003260 梅文轩 男 6487327 100 77
108 2022003261 祁成翔 男 6487327 98 91
109 2022003262 任博杰 男 6487327 96 76
110 2022003263 宋嘉诚 男 6487327 100 0
111 2022003264 唐宇暄 女 6487327 100 96
112 2022003265 陶晨阳 男 6487327 98 84
113 2022003266 田靖喆 男 6487327 100 0
114 2022003267 汪子炎 男 6487327 98 96
115 2022003268 王雪嫣 女 6487327 100 100
116 2022003269 王正有 男 6487327 98 100
117 2022003270 王紫晴 女 6487327 100 100
118 2022003271 吴凡稀 男 6487327 100 100
119 2022003272 熊岑志 男 6487327 83 98
120 2022003273 晏湖扬 男 6487327 100 100
121 2022003274 姚琪琪 女 6487327 100 98
122 2022003275 姚轩 男 6487327 100 100
123 2022003276 余鑫 男 6487327 98 77
124 2022003277 张李航 男 6487327 100 100
125 2022003278 赵子涵 男 6487327 100 16
126 2022003279 周璇 女 6487327 100 100
127 2022003280 周友瑞 男 6487327 100 94
0 0   6487327 0 0
